[[[[0.46428571 0.37934363 0.15637066]
   [0.60887097 0.3266129  0.06451613]]

  [[0.2848     0.4072     0.308     ]
   [0.47586207 0.40344828 0.12068966]]

  [[0.11989101 0.29518619 0.5849228 ]
   [0.22545455 0.45818182 0.31636364]]]


 [[[0.46428571 0.37934363 0.15637066]
   [0.60887097 0.3266129  0.06451613]]

  [[0.2848     0.4072     0.308     ]
   [0.47586207 0.40344828 0.12068966]]

  [[0.11989101 0.29518619 0.5849228 ]
   [0.22545455 0.45818182 0.31636364]]]


 [[[0.46428571 0.37934363 0.15637066]
   [0.60887097 0.3266129  0.06451613]]

  [[0.2848     0.4072     0.308     ]
   [0.47586207 0.40344828 0.12068966]]

  [[0.11989101 0.29518619 0.5849228 ]
   [0.22545455 0.45818182 0.31636364]]]


 [[[0.46428571 0.37934363 0.15637066]
   [0.60887097 0.3266129  0.06451613]]

  [[0.2848     0.4072     0.308     ]
   [0.47586207 0.40344828 0.12068966]]

  [[0.11989101 0.29518619 0.5849228 ]
   [0.22545455 0.45818182 0.31636364]]]


 [[[0.46428571 0.37934363 0.15637066]
   [0.60887097 0.3266129  0.06451613]]

  [[0.2848     0.4072     0.308     ]
   [0.47586207 0.40344828 0.12068966]]

  [[0.11989101 0.29518619 0.5849228 ]
   [0.22545455 0.45818182 0.31636364]]]


 [[[0.46428571 0.37934363 0.15637066]
   [0.60887097 0.3266129  0.06451613]]

  [[0.2848     0.4072     0.308     ]
   [0.47586207 0.40344828 0.12068966]]

  [[0.11989101 0.29518619 0.5849228 ]
   [0.22545455 0.45818182 0.31636364]]]


 [[[0.46428571 0.37934363 0.15637066]
   [0.60887097 0.3266129  0.06451613]]

  [[0.2848     0.4072     0.308     ]
   [0.47586207 0.40344828 0.12068966]]

  [[0.11989101 0.29518619 0.5849228 ]
   [0.22545455 0.45818182 0.31636364]]]


 [[[0.46428571 0.37934363 0.15637066]
   [0.60887097 0.3266129  0.06451613]]

  [[0.2848     0.4072     0.308     ]
   [0.47586207 0.40344828 0.12068966]]

  [[0.11989101 0.29518619 0.5849228 ]
   [0.22545455 0.45818182 0.31636364]]]


 [[[0.46428571 0.37934363 0.15637066]
   [0.60887097 0.3266129  0.06451613]]

  [[0.2848     0.4072     0.308     ]
   [0.47586207 0.40344828 0.12068966]]

  [[0.11989101 0.29518619 0.5849228 ]
   [0.22545455 0.45818182 0.31636364]]]


 [[[0.46428571 0.37934363 0.15637066]
   [0.60887097 0.3266129  0.06451613]]

  [[0.2848     0.4072     0.308     ]
   [0.47586207 0.40344828 0.12068966]]

  [[0.11989101 0.29518619 0.5849228 ]
   [0.22545455 0.45818182 0.31636364]]]


 [[[0.46428571 0.37934363 0.15637066]
   [0.60887097 0.3266129  0.06451613]]

  [[0.2848     0.4072     0.308     ]
   [0.47586207 0.40344828 0.12068966]]

  [[0.11989101 0.29518619 0.5849228 ]
   [0.22545455 0.45818182 0.31636364]]]


 [[[0.46428571 0.37934363 0.15637066]
   [0.60887097 0.3266129  0.06451613]]

  [[0.2848     0.4072     0.308     ]
   [0.47586207 0.40344828 0.12068966]]

  [[0.11989101 0.29518619 0.5849228 ]
   [0.22545455 0.45818182 0.31636364]]]


 [[[0.46428571 0.37934363 0.15637066]
   [0.60887097 0.3266129  0.06451613]]

  [[0.2848     0.4072     0.308     ]
   [0.47586207 0.40344828 0.12068966]]

  [[0.11989101 0.29518619 0.5849228 ]
   [0.22545455 0.45818182 0.31636364]]]


 [[[0.46428571 0.37934363 0.15637066]
   [0.60887097 0.3266129  0.06451613]]

  [[0.2848     0.4072     0.308     ]
   [0.47586207 0.40344828 0.12068966]]

  [[0.11989101 0.29518619 0.5849228 ]
   [0.22545455 0.45818182 0.31636364]]]


 [[[0.46428571 0.37934363 0.15637066]
   [0.60887097 0.3266129  0.06451613]]

  [[0.2848     0.4072     0.308     ]
   [0.47586207 0.40344828 0.12068966]]

  [[0.11989101 0.29518619 0.5849228 ]
   [0.22545455 0.45818182 0.31636364]]]


 [[[0.46428571 0.37934363 0.15637066]
   [0.60887097 0.3266129  0.06451613]]

  [[0.2848     0.4072     0.308     ]
   [0.47586207 0.40344828 0.12068966]]

  [[0.11989101 0.29518619 0.5849228 ]
   [0.22545455 0.45818182 0.31636364]]]


 [[[0.46428571 0.37934363 0.15637066]
   [0.60887097 0.3266129  0.06451613]]

  [[0.2848     0.4072     0.308     ]
   [0.47586207 0.40344828 0.12068966]]

  [[0.11989101 0.29518619 0.5849228 ]
   [0.22545455 0.45818182 0.31636364]]]


 [[[0.46428571 0.37934363 0.15637066]
   [0.60887097 0.3266129  0.06451613]]

  [[0.2848     0.4072     0.308     ]
   [0.47586207 0.40344828 0.12068966]]

  [[0.11989101 0.29518619 0.5849228 ]
   [0.22545455 0.45818182 0.31636364]]]


 [[[0.46428571 0.37934363 0.15637066]
   [0.60887097 0.3266129  0.06451613]]

  [[0.2848     0.4072     0.308     ]
   [0.47586207 0.40344828 0.12068966]]

  [[0.11989101 0.29518619 0.5849228 ]
   [0.22545455 0.45818182 0.31636364]]]


 [[[0.46428571 0.37934363 0.15637066]
   [0.60887097 0.3266129  0.06451613]]

  [[0.2848     0.4072     0.308     ]
   [0.47586207 0.40344828 0.12068966]]

  [[0.11989101 0.29518619 0.5849228 ]
   [0.22545455 0.45818182 0.31636364]]]


 [[[0.46428571 0.37934363 0.15637066]
   [0.60887097 0.3266129  0.06451613]]

  [[0.2848     0.4072     0.308     ]
   [0.47586207 0.40344828 0.12068966]]

  [[0.11989101 0.29518619 0.5849228 ]
   [0.22545455 0.45818182 0.31636364]]]


 [[[0.46428571 0.37934363 0.15637066]
   [0.60887097 0.3266129  0.06451613]]

  [[0.2848     0.4072     0.308     ]
   [0.47586207 0.40344828 0.12068966]]

  [[0.11989101 0.29518619 0.5849228 ]
   [0.22545455 0.45818182 0.31636364]]]


 [[[0.46428571 0.37934363 0.15637066]
   [0.60887097 0.3266129  0.06451613]]

  [[0.2848     0.4072     0.308     ]
   [0.47586207 0.40344828 0.12068966]]

  [[0.11989101 0.29518619 0.5849228 ]
   [0.22545455 0.45818182 0.31636364]]]


 [[[0.46428571 0.37934363 0.15637066]
   [0.60887097 0.3266129  0.06451613]]

  [[0.2848     0.4072     0.308     ]
   [0.47586207 0.40344828 0.12068966]]

  [[0.11989101 0.29518619 0.5849228 ]
   [0.22545455 0.45818182 0.31636364]]]


 [[[0.46428571 0.37934363 0.15637066]
   [0.60887097 0.3266129  0.06451613]]

  [[0.2848     0.4072     0.308     ]
   [0.47586207 0.40344828 0.12068966]]

  [[0.11989101 0.29518619 0.5849228 ]
   [0.22545455 0.45818182 0.31636364]]]


 [[[0.46428571 0.37934363 0.15637066]
   [0.60887097 0.3266129  0.06451613]]

  [[0.2848     0.4072     0.308     ]
   [0.47586207 0.40344828 0.12068966]]

  [[0.11989101 0.29518619 0.5849228 ]
   [0.22545455 0.45818182 0.31636364]]]


 [[[0.46428571 0.37934363 0.15637066]
   [0.60887097 0.3266129  0.06451613]]

  [[0.2848     0.4072     0.308     ]
   [0.47586207 0.40344828 0.12068966]]

  [[0.11989101 0.29518619 0.5849228 ]
   [0.22545455 0.45818182 0.31636364]]]


 [[[0.46428571 0.37934363 0.15637066]
   [0.60887097 0.3266129  0.06451613]]

  [[0.2848     0.4072     0.308     ]
   [0.47586207 0.40344828 0.12068966]]

  [[0.11989101 0.29518619 0.5849228 ]
   [0.22545455 0.45818182 0.31636364]]]


 [[[0.46428571 0.37934363 0.15637066]
   [0.60887097 0.3266129  0.06451613]]

  [[0.2848     0.4072     0.308     ]
   [0.47586207 0.40344828 0.12068966]]

  [[0.11989101 0.29518619 0.5849228 ]
   [0.22545455 0.45818182 0.31636364]]]


 [[[0.46428571 0.37934363 0.15637066]
   [0.60887097 0.3266129  0.06451613]]

  [[0.2848     0.4072     0.308     ]
   [0.47586207 0.40344828 0.12068966]]

  [[0.11989101 0.29518619 0.5849228 ]
   [0.22545455 0.45818182 0.31636364]]]


 [[[0.46428571 0.37934363 0.15637066]
   [0.60887097 0.3266129  0.06451613]]

  [[0.2848     0.4072     0.308     ]
   [0.47586207 0.40344828 0.12068966]]

  [[0.11989101 0.29518619 0.5849228 ]
   [0.22545455 0.45818182 0.31636364]]]


 [[[0.46428571 0.37934363 0.15637066]
   [0.60887097 0.3266129  0.06451613]]

  [[0.2848     0.4072     0.308     ]
   [0.47586207 0.40344828 0.12068966]]

  [[0.11989101 0.29518619 0.5849228 ]
   [0.22545455 0.45818182 0.31636364]]]


 [[[0.46428571 0.37934363 0.15637066]
   [0.60887097 0.3266129  0.06451613]]

  [[0.2848     0.4072     0.308     ]
   [0.47586207 0.40344828 0.12068966]]

  [[0.11989101 0.29518619 0.5849228 ]
   [0.22545455 0.45818182 0.31636364]]]


 [[[0.46428571 0.37934363 0.15637066]
   [0.60887097 0.3266129  0.06451613]]

  [[0.2848     0.4072     0.308     ]
   [0.47586207 0.40344828 0.12068966]]

  [[0.11989101 0.29518619 0.5849228 ]
   [0.22545455 0.45818182 0.31636364]]]


 [[[0.46428571 0.37934363 0.15637066]
   [0.60887097 0.3266129  0.06451613]]

  [[0.2848     0.4072     0.308     ]
   [0.47586207 0.40344828 0.12068966]]

  [[0.11989101 0.29518619 0.5849228 ]
   [0.22545455 0.45818182 0.31636364]]]


 [[[0.46428571 0.37934363 0.15637066]
   [0.60887097 0.3266129  0.06451613]]

  [[0.2848     0.4072     0.308     ]
   [0.47586207 0.40344828 0.12068966]]

  [[0.11989101 0.29518619 0.5849228 ]
   [0.22545455 0.45818182 0.31636364]]]


 [[[0.46428571 0.37934363 0.15637066]
   [0.60887097 0.3266129  0.06451613]]

  [[0.2848     0.4072     0.308     ]
   [0.47586207 0.40344828 0.12068966]]

  [[0.11989101 0.29518619 0.5849228 ]
   [0.22545455 0.45818182 0.31636364]]]


 [[[0.46428571 0.37934363 0.15637066]
   [0.60887097 0.3266129  0.06451613]]

  [[0.2848     0.4072     0.308     ]
   [0.47586207 0.40344828 0.12068966]]

  [[0.11989101 0.29518619 0.5849228 ]
   [0.22545455 0.45818182 0.31636364]]]


 [[[0.46428571 0.37934363 0.15637066]
   [0.60887097 0.3266129  0.06451613]]

  [[0.2848     0.4072     0.308     ]
   [0.47586207 0.40344828 0.12068966]]

  [[0.11989101 0.29518619 0.5849228 ]
   [0.22545455 0.45818182 0.31636364]]]


 [[[0.46428571 0.37934363 0.15637066]
   [0.60887097 0.3266129  0.06451613]]

  [[0.2848     0.4072     0.308     ]
   [0.47586207 0.40344828 0.12068966]]

  [[0.11989101 0.29518619 0.5849228 ]
   [0.22545455 0.45818182 0.31636364]]]


 [[[0.46428571 0.37934363 0.15637066]
   [0.60887097 0.3266129  0.06451613]]

  [[0.2848     0.4072     0.308     ]
   [0.47586207 0.40344828 0.12068966]]

  [[0.11989101 0.29518619 0.5849228 ]
   [0.22545455 0.45818182 0.31636364]]]


 [[[0.46428571 0.37934363 0.15637066]
   [0.60887097 0.3266129  0.06451613]]

  [[0.2848     0.4072     0.308     ]
   [0.47586207 0.40344828 0.12068966]]

  [[0.11989101 0.29518619 0.5849228 ]
   [0.22545455 0.45818182 0.31636364]]]


 [[[0.46428571 0.37934363 0.15637066]
   [0.60887097 0.3266129  0.06451613]]

  [[0.2848     0.4072     0.308     ]
   [0.47586207 0.40344828 0.12068966]]

  [[0.11989101 0.29518619 0.5849228 ]
   [0.22545455 0.45818182 0.31636364]]]


 [[[0.46428571 0.37934363 0.15637066]
   [0.60887097 0.3266129  0.06451613]]

  [[0.2848     0.4072     0.308     ]
   [0.47586207 0.40344828 0.12068966]]

  [[0.11989101 0.29518619 0.5849228 ]
   [0.22545455 0.45818182 0.31636364]]]


 [[[0.46428571 0.37934363 0.15637066]
   [0.60887097 0.3266129  0.06451613]]

  [[0.2848     0.4072     0.308     ]
   [0.47586207 0.40344828 0.12068966]]

  [[0.11989101 0.29518619 0.5849228 ]
   [0.22545455 0.45818182 0.31636364]]]


 [[[0.46428571 0.37934363 0.15637066]
   [0.60887097 0.3266129  0.06451613]]

  [[0.2848     0.4072     0.308     ]
   [0.47586207 0.40344828 0.12068966]]

  [[0.11989101 0.29518619 0.5849228 ]
   [0.22545455 0.45818182 0.31636364]]]


 [[[0.46428571 0.37934363 0.15637066]
   [0.60887097 0.3266129  0.06451613]]

  [[0.2848     0.4072     0.308     ]
   [0.47586207 0.40344828 0.12068966]]

  [[0.11989101 0.29518619 0.5849228 ]
   [0.22545455 0.45818182 0.31636364]]]


 [[[0.46428571 0.37934363 0.15637066]
   [0.60887097 0.3266129  0.06451613]]

  [[0.2848     0.4072     0.308     ]
   [0.47586207 0.40344828 0.12068966]]

  [[0.11989101 0.29518619 0.5849228 ]
   [0.22545455 0.45818182 0.31636364]]]


 [[[0.46428571 0.37934363 0.15637066]
   [0.60887097 0.3266129  0.06451613]]

  [[0.2848     0.4072     0.308     ]
   [0.47586207 0.40344828 0.12068966]]

  [[0.11989101 0.29518619 0.5849228 ]
   [0.22545455 0.45818182 0.31636364]]]


 [[[0.46428571 0.37934363 0.15637066]
   [0.60887097 0.3266129  0.06451613]]

  [[0.2848     0.4072     0.308     ]
   [0.47586207 0.40344828 0.12068966]]

  [[0.11989101 0.29518619 0.5849228 ]
   [0.22545455 0.45818182 0.31636364]]]


 [[[0.46428571 0.37934363 0.15637066]
   [0.60887097 0.3266129  0.06451613]]

  [[0.2848     0.4072     0.308     ]
   [0.47586207 0.40344828 0.12068966]]

  [[0.11989101 0.29518619 0.5849228 ]
   [0.22545455 0.45818182 0.31636364]]]


 [[[0.46428571 0.37934363 0.15637066]
   [0.60887097 0.3266129  0.06451613]]

  [[0.2848     0.4072     0.308     ]
   [0.47586207 0.40344828 0.12068966]]

  [[0.11989101 0.29518619 0.5849228 ]
   [0.22545455 0.45818182 0.31636364]]]


 [[[0.46428571 0.37934363 0.15637066]
   [0.60887097 0.3266129  0.06451613]]

  [[0.2848     0.4072     0.308     ]
   [0.47586207 0.40344828 0.12068966]]

  [[0.11989101 0.29518619 0.5849228 ]
   [0.22545455 0.45818182 0.31636364]]]


 [[[0.46428571 0.37934363 0.15637066]
   [0.60887097 0.3266129  0.06451613]]

  [[0.2848     0.4072     0.308     ]
   [0.47586207 0.40344828 0.12068966]]

  [[0.11989101 0.29518619 0.5849228 ]
   [0.22545455 0.45818182 0.31636364]]]


 [[[0.46428571 0.37934363 0.15637066]
   [0.60887097 0.3266129  0.06451613]]

  [[0.2848     0.4072     0.308     ]
   [0.47586207 0.40344828 0.12068966]]

  [[0.11989101 0.29518619 0.5849228 ]
   [0.22545455 0.45818182 0.31636364]]]


 [[[0.46428571 0.37934363 0.15637066]
   [0.60887097 0.3266129  0.06451613]]

  [[0.2848     0.4072     0.308     ]
   [0.47586207 0.40344828 0.12068966]]

  [[0.11989101 0.29518619 0.5849228 ]
   [0.22545455 0.45818182 0.31636364]]]


 [[[0.46428571 0.37934363 0.15637066]
   [0.60887097 0.3266129  0.06451613]]

  [[0.2848     0.4072     0.308     ]
   [0.47586207 0.40344828 0.12068966]]

  [[0.11989101 0.29518619 0.5849228 ]
   [0.22545455 0.45818182 0.31636364]]]


 [[[0.46428571 0.37934363 0.15637066]
   [0.60887097 0.3266129  0.06451613]]

  [[0.2848     0.4072     0.308     ]
   [0.47586207 0.40344828 0.12068966]]

  [[0.11989101 0.29518619 0.5849228 ]
   [0.22545455 0.45818182 0.31636364]]]


 [[[0.46428571 0.37934363 0.15637066]
   [0.60887097 0.3266129  0.06451613]]

  [[0.2848     0.4072     0.308     ]
   [0.47586207 0.40344828 0.12068966]]

  [[0.11989101 0.29518619 0.5849228 ]
   [0.22545455 0.45818182 0.31636364]]]


 [[[0.46428571 0.37934363 0.15637066]
   [0.60887097 0.3266129  0.06451613]]

  [[0.2848     0.4072     0.308     ]
   [0.47586207 0.40344828 0.12068966]]

  [[0.11989101 0.29518619 0.5849228 ]
   [0.22545455 0.45818182 0.31636364]]]


 [[[0.46428571 0.37934363 0.15637066]
   [0.60887097 0.3266129  0.06451613]]

  [[0.2848     0.4072     0.308     ]
   [0.47586207 0.40344828 0.12068966]]

  [[0.11989101 0.29518619 0.5849228 ]
   [0.22545455 0.45818182 0.31636364]]]


 [[[0.46428571 0.37934363 0.15637066]
   [0.60887097 0.3266129  0.06451613]]

  [[0.2848     0.4072     0.308     ]
   [0.47586207 0.40344828 0.12068966]]

  [[0.11989101 0.29518619 0.5849228 ]
   [0.22545455 0.45818182 0.31636364]]]


 [[[0.46428571 0.37934363 0.15637066]
   [0.60887097 0.3266129  0.06451613]]

  [[0.2848     0.4072     0.308     ]
   [0.47586207 0.40344828 0.12068966]]

  [[0.11989101 0.29518619 0.5849228 ]
   [0.22545455 0.45818182 0.31636364]]]


 [[[0.46428571 0.37934363 0.15637066]
   [0.60887097 0.3266129  0.06451613]]

  [[0.2848     0.4072     0.308     ]
   [0.47586207 0.40344828 0.12068966]]

  [[0.11989101 0.29518619 0.5849228 ]
   [0.22545455 0.45818182 0.31636364]]]


 [[[0.46428571 0.37934363 0.15637066]
   [0.60887097 0.3266129  0.06451613]]

  [[0.2848     0.4072     0.308     ]
   [0.47586207 0.40344828 0.12068966]]

  [[0.11989101 0.29518619 0.5849228 ]
   [0.22545455 0.45818182 0.31636364]]]


 [[[0.46428571 0.37934363 0.15637066]
   [0.60887097 0.3266129  0.06451613]]

  [[0.2848     0.4072     0.308     ]
   [0.47586207 0.40344828 0.12068966]]

  [[0.11989101 0.29518619 0.5849228 ]
   [0.22545455 0.45818182 0.31636364]]]


 [[[0.46428571 0.37934363 0.15637066]
   [0.60887097 0.3266129  0.06451613]]

  [[0.2848     0.4072     0.308     ]
   [0.47586207 0.40344828 0.12068966]]

  [[0.11989101 0.29518619 0.5849228 ]
   [0.22545455 0.45818182 0.31636364]]]


 [[[0.46428571 0.37934363 0.15637066]
   [0.60887097 0.3266129  0.06451613]]

  [[0.2848     0.4072     0.308     ]
   [0.47586207 0.40344828 0.12068966]]

  [[0.11989101 0.29518619 0.5849228 ]
   [0.22545455 0.45818182 0.31636364]]]


 [[[0.46428571 0.37934363 0.15637066]
   [0.60887097 0.3266129  0.06451613]]

  [[0.2848     0.4072     0.308     ]
   [0.47586207 0.40344828 0.12068966]]

  [[0.11989101 0.29518619 0.5849228 ]
   [0.22545455 0.45818182 0.31636364]]]


 [[[0.46428571 0.37934363 0.15637066]
   [0.60887097 0.3266129  0.06451613]]

  [[0.2848     0.4072     0.308     ]
   [0.47586207 0.40344828 0.12068966]]

  [[0.11989101 0.29518619 0.5849228 ]
   [0.22545455 0.45818182 0.31636364]]]


 [[[0.46428571 0.37934363 0.15637066]
   [0.60887097 0.3266129  0.06451613]]

  [[0.2848     0.4072     0.308     ]
   [0.47586207 0.40344828 0.12068966]]

  [[0.11989101 0.29518619 0.5849228 ]
   [0.22545455 0.45818182 0.31636364]]]


 [[[0.46428571 0.37934363 0.15637066]
   [0.60887097 0.3266129  0.06451613]]

  [[0.2848     0.4072     0.308     ]
   [0.47586207 0.40344828 0.12068966]]

  [[0.11989101 0.29518619 0.5849228 ]
   [0.22545455 0.45818182 0.31636364]]]


 [[[0.46428571 0.37934363 0.15637066]
   [0.60887097 0.3266129  0.06451613]]

  [[0.2848     0.4072     0.308     ]
   [0.47586207 0.40344828 0.12068966]]

  [[0.11989101 0.29518619 0.5849228 ]
   [0.22545455 0.45818182 0.31636364]]]


 [[[0.46428571 0.37934363 0.15637066]
   [0.60887097 0.3266129  0.06451613]]

  [[0.2848     0.4072     0.308     ]
   [0.47586207 0.40344828 0.12068966]]

  [[0.11989101 0.29518619 0.5849228 ]
   [0.22545455 0.45818182 0.31636364]]]


 [[[0.46428571 0.37934363 0.15637066]
   [0.60887097 0.3266129  0.06451613]]

  [[0.2848     0.4072     0.308     ]
   [0.47586207 0.40344828 0.12068966]]

  [[0.11989101 0.29518619 0.5849228 ]
   [0.22545455 0.45818182 0.31636364]]]


 [[[0.46428571 0.37934363 0.15637066]
   [0.60887097 0.3266129  0.06451613]]

  [[0.2848     0.4072     0.308     ]
   [0.47586207 0.40344828 0.12068966]]

  [[0.11989101 0.29518619 0.5849228 ]
   [0.22545455 0.45818182 0.31636364]]]


 [[[0.46428571 0.37934363 0.15637066]
   [0.60887097 0.3266129  0.06451613]]

  [[0.2848     0.4072     0.308     ]
   [0.47586207 0.40344828 0.12068966]]

  [[0.11989101 0.29518619 0.5849228 ]
   [0.22545455 0.45818182 0.31636364]]]


 [[[0.46428571 0.37934363 0.15637066]
   [0.60887097 0.3266129  0.06451613]]

  [[0.2848     0.4072     0.308     ]
   [0.47586207 0.40344828 0.12068966]]

  [[0.11989101 0.29518619 0.5849228 ]
   [0.22545455 0.45818182 0.31636364]]]


 [[[0.46428571 0.37934363 0.15637066]
   [0.60887097 0.3266129  0.06451613]]

  [[0.2848     0.4072     0.308     ]
   [0.47586207 0.40344828 0.12068966]]

  [[0.11989101 0.29518619 0.5849228 ]
   [0.22545455 0.45818182 0.31636364]]]


 [[[0.46428571 0.37934363 0.15637066]
   [0.60887097 0.3266129  0.06451613]]

  [[0.2848     0.4072     0.308     ]
   [0.47586207 0.40344828 0.12068966]]

  [[0.11989101 0.29518619 0.5849228 ]
   [0.22545455 0.45818182 0.31636364]]]


 [[[0.46428571 0.37934363 0.15637066]
   [0.60887097 0.3266129  0.06451613]]

  [[0.2848     0.4072     0.308     ]
   [0.47586207 0.40344828 0.12068966]]

  [[0.11989101 0.29518619 0.5849228 ]
   [0.22545455 0.45818182 0.31636364]]]


 [[[0.46428571 0.37934363 0.15637066]
   [0.60887097 0.3266129  0.06451613]]

  [[0.2848     0.4072     0.308     ]
   [0.47586207 0.40344828 0.12068966]]

  [[0.11989101 0.29518619 0.5849228 ]
   [0.22545455 0.45818182 0.31636364]]]


 [[[0.46428571 0.37934363 0.15637066]
   [0.60887097 0.3266129  0.06451613]]

  [[0.2848     0.4072     0.308     ]
   [0.47586207 0.40344828 0.12068966]]

  [[0.11989101 0.29518619 0.5849228 ]
   [0.22545455 0.45818182 0.31636364]]]


 [[[0.46428571 0.37934363 0.15637066]
   [0.60887097 0.3266129  0.06451613]]

  [[0.2848     0.4072     0.308     ]
   [0.47586207 0.40344828 0.12068966]]

  [[0.11989101 0.29518619 0.5849228 ]
   [0.22545455 0.45818182 0.31636364]]]


 [[[0.46428571 0.37934363 0.15637066]
   [0.60887097 0.3266129  0.06451613]]

  [[0.2848     0.4072     0.308     ]
   [0.47586207 0.40344828 0.12068966]]

  [[0.11989101 0.29518619 0.5849228 ]
   [0.22545455 0.45818182 0.31636364]]]


 [[[0.46428571 0.37934363 0.15637066]
   [0.60887097 0.3266129  0.06451613]]

  [[0.2848     0.4072     0.308     ]
   [0.47586207 0.40344828 0.12068966]]

  [[0.11989101 0.29518619 0.5849228 ]
   [0.22545455 0.45818182 0.31636364]]]


 [[[0.46428571 0.37934363 0.15637066]
   [0.60887097 0.3266129  0.06451613]]

  [[0.2848     0.4072     0.308     ]
   [0.47586207 0.40344828 0.12068966]]

  [[0.11989101 0.29518619 0.5849228 ]
   [0.22545455 0.45818182 0.31636364]]]


 [[[0.46428571 0.37934363 0.15637066]
   [0.60887097 0.3266129  0.06451613]]

  [[0.2848     0.4072     0.308     ]
   [0.47586207 0.40344828 0.12068966]]

  [[0.11989101 0.29518619 0.5849228 ]
   [0.22545455 0.45818182 0.31636364]]]


 [[[0.46428571 0.37934363 0.15637066]
   [0.60887097 0.3266129  0.06451613]]

  [[0.2848     0.4072     0.308     ]
   [0.47586207 0.40344828 0.12068966]]

  [[0.11989101 0.29518619 0.5849228 ]
   [0.22545455 0.45818182 0.31636364]]]


 [[[0.46428571 0.37934363 0.15637066]
   [0.60887097 0.3266129  0.06451613]]

  [[0.2848     0.4072     0.308     ]
   [0.47586207 0.40344828 0.12068966]]

  [[0.11989101 0.29518619 0.5849228 ]
   [0.22545455 0.45818182 0.31636364]]]


 [[[0.46428571 0.37934363 0.15637066]
   [0.60887097 0.3266129  0.06451613]]

  [[0.2848     0.4072     0.308     ]
   [0.47586207 0.40344828 0.12068966]]

  [[0.11989101 0.29518619 0.5849228 ]
   [0.22545455 0.45818182 0.31636364]]]


 [[[0.46428571 0.37934363 0.15637066]
   [0.60887097 0.3266129  0.06451613]]

  [[0.2848     0.4072     0.308     ]
   [0.47586207 0.40344828 0.12068966]]

  [[0.11989101 0.29518619 0.5849228 ]
   [0.22545455 0.45818182 0.31636364]]]


 [[[0.46428571 0.37934363 0.15637066]
   [0.60887097 0.3266129  0.06451613]]

  [[0.2848     0.4072     0.308     ]
   [0.47586207 0.40344828 0.12068966]]

  [[0.11989101 0.29518619 0.5849228 ]
   [0.22545455 0.45818182 0.31636364]]]


 [[[0.46428571 0.37934363 0.15637066]
   [0.60887097 0.3266129  0.06451613]]

  [[0.2848     0.4072     0.308     ]
   [0.47586207 0.40344828 0.12068966]]

  [[0.11989101 0.29518619 0.5849228 ]
   [0.22545455 0.45818182 0.31636364]]]


 [[[0.46428571 0.37934363 0.15637066]
   [0.60887097 0.3266129  0.06451613]]

  [[0.2848     0.4072     0.308     ]
   [0.47586207 0.40344828 0.12068966]]

  [[0.11989101 0.29518619 0.5849228 ]
   [0.22545455 0.45818182 0.31636364]]]


 [[[0.46428571 0.37934363 0.15637066]
   [0.60887097 0.3266129  0.06451613]]

  [[0.2848     0.4072     0.308     ]
   [0.47586207 0.40344828 0.12068966]]

  [[0.11989101 0.29518619 0.5849228 ]
   [0.22545455 0.45818182 0.31636364]]]


 [[[0.46428571 0.37934363 0.15637066]
   [0.60887097 0.3266129  0.06451613]]

  [[0.2848     0.4072     0.308     ]
   [0.47586207 0.40344828 0.12068966]]

  [[0.11989101 0.29518619 0.5849228 ]
   [0.22545455 0.45818182 0.31636364]]]


 [[[0.46428571 0.37934363 0.15637066]
   [0.60887097 0.3266129  0.06451613]]

  [[0.2848     0.4072     0.308     ]
   [0.47586207 0.40344828 0.12068966]]

  [[0.11989101 0.29518619 0.5849228 ]
   [0.22545455 0.45818182 0.31636364]]]


 [[[0.46428571 0.37934363 0.15637066]
   [0.60887097 0.3266129  0.06451613]]

  [[0.2848     0.4072     0.308     ]
   [0.47586207 0.40344828 0.12068966]]

  [[0.11989101 0.29518619 0.5849228 ]
   [0.22545455 0.45818182 0.31636364]]]


 [[[0.46428571 0.37934363 0.15637066]
   [0.60887097 0.3266129  0.06451613]]

  [[0.2848     0.4072     0.308     ]
   [0.47586207 0.40344828 0.12068966]]

  [[0.11989101 0.29518619 0.5849228 ]
   [0.22545455 0.45818182 0.31636364]]]


 [[[0.46428571 0.37934363 0.15637066]
   [0.60887097 0.3266129  0.06451613]]

  [[0.2848     0.4072     0.308     ]
   [0.47586207 0.40344828 0.12068966]]

  [[0.11989101 0.29518619 0.5849228 ]
   [0.22545455 0.45818182 0.31636364]]]


 [[[0.46428571 0.37934363 0.15637066]
   [0.60887097 0.3266129  0.06451613]]

  [[0.2848     0.4072     0.308     ]
   [0.47586207 0.40344828 0.12068966]]

  [[0.11989101 0.29518619 0.5849228 ]
   [0.22545455 0.45818182 0.31636364]]]


 [[[0.46428571 0.37934363 0.15637066]
   [0.60887097 0.3266129  0.06451613]]

  [[0.2848     0.4072     0.308     ]
   [0.47586207 0.40344828 0.12068966]]

  [[0.11989101 0.29518619 0.5849228 ]
   [0.22545455 0.45818182 0.31636364]]]


 [[[0.46428571 0.37934363 0.15637066]
   [0.60887097 0.3266129  0.06451613]]

  [[0.2848     0.4072     0.308     ]
   [0.47586207 0.40344828 0.12068966]]

  [[0.11989101 0.29518619 0.5849228 ]
   [0.22545455 0.45818182 0.31636364]]]


 [[[0.46428571 0.37934363 0.15637066]
   [0.60887097 0.3266129  0.06451613]]

  [[0.2848     0.4072     0.308     ]
   [0.47586207 0.40344828 0.12068966]]

  [[0.11989101 0.29518619 0.5849228 ]
   [0.22545455 0.45818182 0.31636364]]]


 [[[0.46428571 0.37934363 0.15637066]
   [0.60887097 0.3266129  0.06451613]]

  [[0.2848     0.4072     0.308     ]
   [0.47586207 0.40344828 0.12068966]]

  [[0.11989101 0.29518619 0.5849228 ]
   [0.22545455 0.45818182 0.31636364]]]


 [[[0.46428571 0.37934363 0.15637066]
   [0.60887097 0.3266129  0.06451613]]

  [[0.2848     0.4072     0.308     ]
   [0.47586207 0.40344828 0.12068966]]

  [[0.11989101 0.29518619 0.5849228 ]
   [0.22545455 0.45818182 0.31636364]]]


 [[[0.46428571 0.37934363 0.15637066]
   [0.60887097 0.3266129  0.06451613]]

  [[0.2848     0.4072     0.308     ]
   [0.47586207 0.40344828 0.12068966]]

  [[0.11989101 0.29518619 0.5849228 ]
   [0.22545455 0.45818182 0.31636364]]]


 [[[0.46428571 0.37934363 0.15637066]
   [0.60887097 0.3266129  0.06451613]]

  [[0.2848     0.4072     0.308     ]
   [0.47586207 0.40344828 0.12068966]]

  [[0.11989101 0.29518619 0.5849228 ]
   [0.22545455 0.45818182 0.31636364]]]


 [[[0.46428571 0.37934363 0.15637066]
   [0.60887097 0.3266129  0.06451613]]

  [[0.2848     0.4072     0.308     ]
   [0.47586207 0.40344828 0.12068966]]

  [[0.11989101 0.29518619 0.5849228 ]
   [0.22545455 0.45818182 0.31636364]]]


 [[[0.46428571 0.37934363 0.15637066]
   [0.60887097 0.3266129  0.06451613]]

  [[0.2848     0.4072     0.308     ]
   [0.47586207 0.40344828 0.12068966]]

  [[0.11989101 0.29518619 0.5849228 ]
   [0.22545455 0.45818182 0.31636364]]]


 [[[0.46428571 0.37934363 0.15637066]
   [0.60887097 0.3266129  0.06451613]]

  [[0.2848     0.4072     0.308     ]
   [0.47586207 0.40344828 0.12068966]]

  [[0.11989101 0.29518619 0.5849228 ]
   [0.22545455 0.45818182 0.31636364]]]


 [[[0.46428571 0.37934363 0.15637066]
   [0.60887097 0.3266129  0.06451613]]

  [[0.2848     0.4072     0.308     ]
   [0.47586207 0.40344828 0.12068966]]

  [[0.11989101 0.29518619 0.5849228 ]
   [0.22545455 0.45818182 0.31636364]]]


 [[[0.46428571 0.37934363 0.15637066]
   [0.60887097 0.3266129  0.06451613]]

  [[0.2848     0.4072     0.308     ]
   [0.47586207 0.40344828 0.12068966]]

  [[0.11989101 0.29518619 0.5849228 ]
   [0.22545455 0.45818182 0.31636364]]]


 [[[0.46428571 0.37934363 0.15637066]
   [0.60887097 0.3266129  0.06451613]]

  [[0.2848     0.4072     0.308     ]
   [0.47586207 0.40344828 0.12068966]]

  [[0.11989101 0.29518619 0.5849228 ]
   [0.22545455 0.45818182 0.31636364]]]


 [[[0.46428571 0.37934363 0.15637066]
   [0.60887097 0.3266129  0.06451613]]

  [[0.2848     0.4072     0.308     ]
   [0.47586207 0.40344828 0.12068966]]

  [[0.11989101 0.29518619 0.5849228 ]
   [0.22545455 0.45818182 0.31636364]]]


 [[[0.46428571 0.37934363 0.15637066]
   [0.60887097 0.3266129  0.06451613]]

  [[0.2848     0.4072     0.308     ]
   [0.47586207 0.40344828 0.12068966]]

  [[0.11989101 0.29518619 0.5849228 ]
   [0.22545455 0.45818182 0.31636364]]]


 [[[0.46428571 0.37934363 0.15637066]
   [0.60887097 0.3266129  0.06451613]]

  [[0.2848     0.4072     0.308     ]
   [0.47586207 0.40344828 0.12068966]]

  [[0.11989101 0.29518619 0.5849228 ]
   [0.22545455 0.45818182 0.31636364]]]


 [[[0.46428571 0.37934363 0.15637066]
   [0.60887097 0.3266129  0.06451613]]

  [[0.2848     0.4072     0.308     ]
   [0.47586207 0.40344828 0.12068966]]

  [[0.11989101 0.29518619 0.5849228 ]
   [0.22545455 0.45818182 0.31636364]]]


 [[[0.46428571 0.37934363 0.15637066]
   [0.60887097 0.3266129  0.06451613]]

  [[0.2848     0.4072     0.308     ]
   [0.47586207 0.40344828 0.12068966]]

  [[0.11989101 0.29518619 0.5849228 ]
   [0.22545455 0.45818182 0.31636364]]]


 [[[0.46428571 0.37934363 0.15637066]
   [0.60887097 0.3266129  0.06451613]]

  [[0.2848     0.4072     0.308     ]
   [0.47586207 0.40344828 0.12068966]]

  [[0.11989101 0.29518619 0.5849228 ]
   [0.22545455 0.45818182 0.31636364]]]


 [[[0.46428571 0.37934363 0.15637066]
   [0.60887097 0.3266129  0.06451613]]

  [[0.2848     0.4072     0.308     ]
   [0.47586207 0.40344828 0.12068966]]

  [[0.11989101 0.29518619 0.5849228 ]
   [0.22545455 0.45818182 0.31636364]]]


 [[[0.46428571 0.37934363 0.15637066]
   [0.60887097 0.3266129  0.06451613]]

  [[0.2848     0.4072     0.308     ]
   [0.47586207 0.40344828 0.12068966]]

  [[0.11989101 0.29518619 0.5849228 ]
   [0.22545455 0.45818182 0.31636364]]]


 [[[0.46428571 0.37934363 0.15637066]
   [0.60887097 0.3266129  0.06451613]]

  [[0.2848     0.4072     0.308     ]
   [0.47586207 0.40344828 0.12068966]]

  [[0.11989101 0.29518619 0.5849228 ]
   [0.22545455 0.45818182 0.31636364]]]


 [[[0.46428571 0.37934363 0.15637066]
   [0.60887097 0.3266129  0.06451613]]

  [[0.2848     0.4072     0.308     ]
   [0.47586207 0.40344828 0.12068966]]

  [[0.11989101 0.29518619 0.5849228 ]
   [0.22545455 0.45818182 0.31636364]]]


 [[[0.46428571 0.37934363 0.15637066]
   [0.60887097 0.3266129  0.06451613]]

  [[0.2848     0.4072     0.308     ]
   [0.47586207 0.40344828 0.12068966]]

  [[0.11989101 0.29518619 0.5849228 ]
   [0.22545455 0.45818182 0.31636364]]]


 [[[0.46428571 0.37934363 0.15637066]
   [0.60887097 0.3266129  0.06451613]]

  [[0.2848     0.4072     0.308     ]
   [0.47586207 0.40344828 0.12068966]]

  [[0.11989101 0.29518619 0.5849228 ]
   [0.22545455 0.45818182 0.31636364]]]


 [[[0.46428571 0.37934363 0.15637066]
   [0.60887097 0.3266129  0.06451613]]

  [[0.2848     0.4072     0.308     ]
   [0.47586207 0.40344828 0.12068966]]

  [[0.11989101 0.29518619 0.5849228 ]
   [0.22545455 0.45818182 0.31636364]]]


 [[[0.46428571 0.37934363 0.15637066]
   [0.60887097 0.3266129  0.06451613]]

  [[0.2848     0.4072     0.308     ]
   [0.47586207 0.40344828 0.12068966]]

  [[0.11989101 0.29518619 0.5849228 ]
   [0.22545455 0.45818182 0.31636364]]]


 [[[0.46428571 0.37934363 0.15637066]
   [0.60887097 0.3266129  0.06451613]]

  [[0.2848     0.4072     0.308     ]
   [0.47586207 0.40344828 0.12068966]]

  [[0.11989101 0.29518619 0.5849228 ]
   [0.22545455 0.45818182 0.31636364]]]


 [[[0.46428571 0.37934363 0.15637066]
   [0.60887097 0.3266129  0.06451613]]

  [[0.2848     0.4072     0.308     ]
   [0.47586207 0.40344828 0.12068966]]

  [[0.11989101 0.29518619 0.5849228 ]
   [0.22545455 0.45818182 0.31636364]]]


 [[[0.46428571 0.37934363 0.15637066]
   [0.60887097 0.3266129  0.06451613]]

  [[0.2848     0.4072     0.308     ]
   [0.47586207 0.40344828 0.12068966]]

  [[0.11989101 0.29518619 0.5849228 ]
   [0.22545455 0.45818182 0.31636364]]]


 [[[0.46428571 0.37934363 0.15637066]
   [0.60887097 0.3266129  0.06451613]]

  [[0.2848     0.4072     0.308     ]
   [0.47586207 0.40344828 0.12068966]]

  [[0.11989101 0.29518619 0.5849228 ]
   [0.22545455 0.45818182 0.31636364]]]


 [[[0.46428571 0.37934363 0.15637066]
   [0.60887097 0.3266129  0.06451613]]

  [[0.2848     0.4072     0.308     ]
   [0.47586207 0.40344828 0.12068966]]

  [[0.11989101 0.29518619 0.5849228 ]
   [0.22545455 0.45818182 0.31636364]]]


 [[[0.46428571 0.37934363 0.15637066]
   [0.60887097 0.3266129  0.06451613]]

  [[0.2848     0.4072     0.308     ]
   [0.47586207 0.40344828 0.12068966]]

  [[0.11989101 0.29518619 0.5849228 ]
   [0.22545455 0.45818182 0.31636364]]]


 [[[0.46428571 0.37934363 0.15637066]
   [0.60887097 0.3266129  0.06451613]]

  [[0.2848     0.4072     0.308     ]
   [0.47586207 0.40344828 0.12068966]]

  [[0.11989101 0.29518619 0.5849228 ]
   [0.22545455 0.45818182 0.31636364]]]


 [[[0.46428571 0.37934363 0.15637066]
   [0.60887097 0.3266129  0.06451613]]

  [[0.2848     0.4072     0.308     ]
   [0.47586207 0.40344828 0.12068966]]

  [[0.11989101 0.29518619 0.5849228 ]
   [0.22545455 0.45818182 0.31636364]]]


 [[[0.46428571 0.37934363 0.15637066]
   [0.60887097 0.3266129  0.06451613]]

  [[0.2848     0.4072     0.308     ]
   [0.47586207 0.40344828 0.12068966]]

  [[0.11989101 0.29518619 0.5849228 ]
   [0.22545455 0.45818182 0.31636364]]]


 [[[0.46428571 0.37934363 0.15637066]
   [0.60887097 0.3266129  0.06451613]]

  [[0.2848     0.4072     0.308     ]
   [0.47586207 0.40344828 0.12068966]]

  [[0.11989101 0.29518619 0.5849228 ]
   [0.22545455 0.45818182 0.31636364]]]


 [[[0.46428571 0.37934363 0.15637066]
   [0.60887097 0.3266129  0.06451613]]

  [[0.2848     0.4072     0.308     ]
   [0.47586207 0.40344828 0.12068966]]

  [[0.11989101 0.29518619 0.5849228 ]
   [0.22545455 0.45818182 0.31636364]]]


 [[[0.46428571 0.37934363 0.15637066]
   [0.60887097 0.3266129  0.06451613]]

  [[0.2848     0.4072     0.308     ]
   [0.47586207 0.40344828 0.12068966]]

  [[0.11989101 0.29518619 0.5849228 ]
   [0.22545455 0.45818182 0.31636364]]]


 [[[0.46428571 0.37934363 0.15637066]
   [0.60887097 0.3266129  0.06451613]]

  [[0.2848     0.4072     0.308     ]
   [0.47586207 0.40344828 0.12068966]]

  [[0.11989101 0.29518619 0.5849228 ]
   [0.22545455 0.45818182 0.31636364]]]


 [[[0.46428571 0.37934363 0.15637066]
   [0.60887097 0.3266129  0.06451613]]

  [[0.2848     0.4072     0.308     ]
   [0.47586207 0.40344828 0.12068966]]

  [[0.11989101 0.29518619 0.5849228 ]
   [0.22545455 0.45818182 0.31636364]]]


 [[[0.46428571 0.37934363 0.15637066]
   [0.60887097 0.3266129  0.06451613]]

  [[0.2848     0.4072     0.308     ]
   [0.47586207 0.40344828 0.12068966]]

  [[0.11989101 0.29518619 0.5849228 ]
   [0.22545455 0.45818182 0.31636364]]]


 [[[0.46428571 0.37934363 0.15637066]
   [0.60887097 0.3266129  0.06451613]]

  [[0.2848     0.4072     0.308     ]
   [0.47586207 0.40344828 0.12068966]]

  [[0.11989101 0.29518619 0.5849228 ]
   [0.22545455 0.45818182 0.31636364]]]


 [[[0.46428571 0.37934363 0.15637066]
   [0.60887097 0.3266129  0.06451613]]

  [[0.2848     0.4072     0.308     ]
   [0.47586207 0.40344828 0.12068966]]

  [[0.11989101 0.29518619 0.5849228 ]
   [0.22545455 0.45818182 0.31636364]]]


 [[[0.46428571 0.37934363 0.15637066]
   [0.60887097 0.3266129  0.06451613]]

  [[0.2848     0.4072     0.308     ]
   [0.47586207 0.40344828 0.12068966]]

  [[0.11989101 0.29518619 0.5849228 ]
   [0.22545455 0.45818182 0.31636364]]]


 [[[0.46428571 0.37934363 0.15637066]
   [0.60887097 0.3266129  0.06451613]]

  [[0.2848     0.4072     0.308     ]
   [0.47586207 0.40344828 0.12068966]]

  [[0.11989101 0.29518619 0.5849228 ]
   [0.22545455 0.45818182 0.31636364]]]


 [[[0.46428571 0.37934363 0.15637066]
   [0.60887097 0.3266129  0.06451613]]

  [[0.2848     0.4072     0.308     ]
   [0.47586207 0.40344828 0.12068966]]

  [[0.11989101 0.29518619 0.5849228 ]
   [0.22545455 0.45818182 0.31636364]]]


 [[[0.46428571 0.37934363 0.15637066]
   [0.60887097 0.3266129  0.06451613]]

  [[0.2848     0.4072     0.308     ]
   [0.47586207 0.40344828 0.12068966]]

  [[0.11989101 0.29518619 0.5849228 ]
   [0.22545455 0.45818182 0.31636364]]]


 [[[0.46428571 0.37934363 0.15637066]
   [0.60887097 0.3266129  0.06451613]]

  [[0.2848     0.4072     0.308     ]
   [0.47586207 0.40344828 0.12068966]]

  [[0.11989101 0.29518619 0.5849228 ]
   [0.22545455 0.45818182 0.31636364]]]


 [[[0.46428571 0.37934363 0.15637066]
   [0.60887097 0.3266129  0.06451613]]

  [[0.2848     0.4072     0.308     ]
   [0.47586207 0.40344828 0.12068966]]

  [[0.11989101 0.29518619 0.5849228 ]
   [0.22545455 0.45818182 0.31636364]]]


 [[[0.46428571 0.37934363 0.15637066]
   [0.60887097 0.3266129  0.06451613]]

  [[0.2848     0.4072     0.308     ]
   [0.47586207 0.40344828 0.12068966]]

  [[0.11989101 0.29518619 0.5849228 ]
   [0.22545455 0.45818182 0.31636364]]]


 [[[0.46428571 0.37934363 0.15637066]
   [0.60887097 0.3266129  0.06451613]]

  [[0.2848     0.4072     0.308     ]
   [0.47586207 0.40344828 0.12068966]]

  [[0.11989101 0.29518619 0.5849228 ]
   [0.22545455 0.45818182 0.31636364]]]


 [[[0.46428571 0.37934363 0.15637066]
   [0.60887097 0.3266129  0.06451613]]

  [[0.2848     0.4072     0.308     ]
   [0.47586207 0.40344828 0.12068966]]

  [[0.11989101 0.29518619 0.5849228 ]
   [0.22545455 0.45818182 0.31636364]]]


 [[[0.46428571 0.37934363 0.15637066]
   [0.60887097 0.3266129  0.06451613]]

  [[0.2848     0.4072     0.308     ]
   [0.47586207 0.40344828 0.12068966]]

  [[0.11989101 0.29518619 0.5849228 ]
   [0.22545455 0.45818182 0.31636364]]]


 [[[0.46428571 0.37934363 0.15637066]
   [0.60887097 0.3266129  0.06451613]]

  [[0.2848     0.4072     0.308     ]
   [0.47586207 0.40344828 0.12068966]]

  [[0.11989101 0.29518619 0.5849228 ]
   [0.22545455 0.45818182 0.31636364]]]


 [[[0.46428571 0.37934363 0.15637066]
   [0.60887097 0.3266129  0.06451613]]

  [[0.2848     0.4072     0.308     ]
   [0.47586207 0.40344828 0.12068966]]

  [[0.11989101 0.29518619 0.5849228 ]
   [0.22545455 0.45818182 0.31636364]]]


 [[[0.46428571 0.37934363 0.15637066]
   [0.60887097 0.3266129  0.06451613]]

  [[0.2848     0.4072     0.308     ]
   [0.47586207 0.40344828 0.12068966]]

  [[0.11989101 0.29518619 0.5849228 ]
   [0.22545455 0.45818182 0.31636364]]]


 [[[0.46428571 0.37934363 0.15637066]
   [0.60887097 0.3266129  0.06451613]]

  [[0.2848     0.4072     0.308     ]
   [0.47586207 0.40344828 0.12068966]]

  [[0.11989101 0.29518619 0.5849228 ]
   [0.22545455 0.45818182 0.31636364]]]


 [[[0.46428571 0.37934363 0.15637066]
   [0.60887097 0.3266129  0.06451613]]

  [[0.2848     0.4072     0.308     ]
   [0.47586207 0.40344828 0.12068966]]

  [[0.11989101 0.29518619 0.5849228 ]
   [0.22545455 0.45818182 0.31636364]]]


 [[[0.46428571 0.37934363 0.15637066]
   [0.60887097 0.3266129  0.06451613]]

  [[0.2848     0.4072     0.308     ]
   [0.47586207 0.40344828 0.12068966]]

  [[0.11989101 0.29518619 0.5849228 ]
   [0.22545455 0.45818182 0.31636364]]]


 [[[0.46428571 0.37934363 0.15637066]
   [0.60887097 0.3266129  0.06451613]]

  [[0.2848     0.4072     0.308     ]
   [0.47586207 0.40344828 0.12068966]]

  [[0.11989101 0.29518619 0.5849228 ]
   [0.22545455 0.45818182 0.31636364]]]


 [[[0.46428571 0.37934363 0.15637066]
   [0.60887097 0.3266129  0.06451613]]

  [[0.2848     0.4072     0.308     ]
   [0.47586207 0.40344828 0.12068966]]

  [[0.11989101 0.29518619 0.5849228 ]
   [0.22545455 0.45818182 0.31636364]]]


 [[[0.46428571 0.37934363 0.15637066]
   [0.60887097 0.3266129  0.06451613]]

  [[0.2848     0.4072     0.308     ]
   [0.47586207 0.40344828 0.12068966]]

  [[0.11989101 0.29518619 0.5849228 ]
   [0.22545455 0.45818182 0.31636364]]]


 [[[0.46428571 0.37934363 0.15637066]
   [0.60887097 0.3266129  0.06451613]]

  [[0.2848     0.4072     0.308     ]
   [0.47586207 0.40344828 0.12068966]]

  [[0.11989101 0.29518619 0.5849228 ]
   [0.22545455 0.45818182 0.31636364]]]


 [[[0.46428571 0.37934363 0.15637066]
   [0.60887097 0.3266129  0.06451613]]

  [[0.2848     0.4072     0.308     ]
   [0.47586207 0.40344828 0.12068966]]

  [[0.11989101 0.29518619 0.5849228 ]
   [0.22545455 0.45818182 0.31636364]]]


 [[[0.46428571 0.37934363 0.15637066]
   [0.60887097 0.3266129  0.06451613]]

  [[0.2848     0.4072     0.308     ]
   [0.47586207 0.40344828 0.12068966]]

  [[0.11989101 0.29518619 0.5849228 ]
   [0.22545455 0.45818182 0.31636364]]]


 [[[0.46428571 0.37934363 0.15637066]
   [0.60887097 0.3266129  0.06451613]]

  [[0.2848     0.4072     0.308     ]
   [0.47586207 0.40344828 0.12068966]]

  [[0.11989101 0.29518619 0.5849228 ]
   [0.22545455 0.45818182 0.31636364]]]


 [[[0.46428571 0.37934363 0.15637066]
   [0.60887097 0.3266129  0.06451613]]

  [[0.2848     0.4072     0.308     ]
